324
19097
2999
7507
27255
15993
3822
26599
28572
9519
18606
20348
27170
5587
28607
27890
1032
15204
14622
1447
15048
15694
2271
3787
28449
6065
31729
13447
5759
3365
32077
24138
32160
20610
8222
17367
26055
32159
32384
14288
30235
7756
4017
25242
10378
12390
11587
7453
29713
12225
23722
8063
26363
3907
13545
17783
14991
1053
9827
16789
10674
32623
31598
12558
5716
28363
28581
26249
19979
28859
6588
12441
13170
909
14906
22356
2237
13532
5817
29685
32086
19866
14776
1260
21504
31750
9688
12349
310
1843
16909
4810
19215
18465
8413
15557
15152
23919
24796
16648
9775
3500
7210
10857
21383
26634
5817
1540
31058
12851
20302
5502
12963
31069
27269
22760
27817
22321
32641
9738
24533
6864
3366
30881
7281
26118
19269
22700
12336
13461
11071
16040
17818
15728
2190
14267
29763
30315
7839
28938
30915
27005
8327
156
4847
4262
7395
5672
23458
11778
26408
11322
29562
12015
8249
13760
9800
7232
31558
25208
23424
2551
27938
4332
5504
14405
2032
22853
27991
7152
24492
16314
30148
14570
25896
21637
10377
2877
10711
14093
29102
6246
19
559
13897
6960
10910
2100
16242
31259
18397
18786
28697
6846
2455
24947
1384
16890
15464
32523
22647
7893
22813
14273
14510
23949
10449
25246
14338
21126
6537
19664
6146
26700
1551
6110
7003
5272
20915
29367
462
9964
28666
20566
29901
25268
13746
2439
10512
2925
18900
22551
29874
3951
29245
14038
19756
12820
3108
25750
2645
11463
23422
27620
3617
29543
12704
16349
27365
12658
24705
16
24619
18171
21379
30468
18129
25839
10947
13535
19890
4073
21330
27074
2424
20502
1910
8
21638
21236
21654
5487
19463
10436
11812
31579
16611
6308
32080
18937
6295
7548
26419
7667
4551
22380
5424
21640
32615
7647
27709
30177
17517
2936
15046
22073
22030
22530
17794
4046
24899
7282
12686
12408
22731
12118
24498
18098
11680
10951
9998
17202
16023
20106
31776
18090
29388
32699
9924
11187
6318
5435
6379
18827
30673
1006
22382
19068
27629
13898
29480
30447
9130
15763
10178
26395
21467
11281
19167
10732
27714
1072
8009
10423
18534
23741
6900
22588
30498
32551
304
6694
32356
30377
8248
28486
7244
3915
18033
32631
9150
11402
22386
19404
23549
30080
18415
25966
19743
1044
24567
4104
10798
111
7810
8833
26085
26675
10754
1666
28437
6051
27519
7023
18422
13468
13574
23220
7364
12620
9795
18092
4222
24764
13219
27348
22346
6169
20606
23142
695
27641
29346
15444
19372
17163
14943
20504
30036
9032
30095
21058
12283
9740
5414
4176
16859
15479
23389
21748
8925
7849
17808
18656
14543
17199
28409
17646
17115
25260
13752
30327
11573
10082
22676
32698
25318
1666
6523
32617
26629
24463
26360
32202
12761
30877
23852
17143
16068
25310
13541
28903
31237
9060
12945
32218
5329
17582
14586
24625
31984
15538
7214
22170
16454
4264
13940
11887
19867
20509
21233
1406
29054
10752
13478
17057
13335
5295
6719
24583
8333
11195
11843
21762
9171
7501
28862
4521
8034
378
6717
20974
4758
24547
22112
24987
26055
4531
20846
21626
26105
25423
2303
17353
7524
14091
26908
29721
27466
5305
10884
30948
27345
26049
12296
4615
16063
18944
1050
2040
24810
25997
19301
1216
5999
17169
21732
29181
22558
29135
6651
19152
30450
10032
2531
24031
32156
21815
16248
2379
15604
21983
28279
7608
16173
193
22836
6181
908
4370
22552
21301
30201
23626
10369
32609
28728
15471
19618
20344
537
27354
21663
23102
18769
5642
17497
24662
21757
23596
5392
1575
14396
2124
998
10563
11702
21946
24367
21309
8184
31437
20909
30776
20242
31706
30477
10269
14384
3013
22249
7556
1399
1092
18566
12299
21937
30305
12689
24288
917
32427
11784
23922
16185
21651
20176
32484
23530
5727
26275
4126
26135
16652
16954
14277
13892
22296
7462
20652
163
3188
29015
22907
18434
7724
7511
5545
14993
19879
23027
2764
2771
32510
5865
26354
21041
21903
20020
1539
20408
23996
6599
3887
10646
23032
28385
6271
29619
12071
30107
22443
22192
2444
31274
6968
17883
24603
24606
32164
21006
26213
7862
7346
15121
32510
2442
1241
26945
19872
7664
12443
21996
8063
31227
27455
11113
17470
4613
23686
9765
30481
13658
30458
27694
28324
11522
5587
29016
9323
3777
17572
3070
9491
15746
23991
16351
5659
27917
15779
19703
11010
25372
26626
9969
23117
15660
24793
8786
24231
21983
16767
7792
28162
9312
23268
22048
3303
17645
23396
13650
24458
2662
20320
32242
28737
5605
11814
1110
23625
5015
28860
3421
7646
559
13432
28375
5770
32442
3979
6551
10374
15415
32462
17872
5543
18968
10913
28534
19642
5759
18627
9560
31032
10402
31399
9789
3054
26854
6002
27845
18321
22903
13000
8436
17891
2740
21262
5085
28112
4449
22053
22553
3771
20773
9111
12779
31420
32560
25203
12532
1792
19624
24944
11243
129
25508
24760
8521
3497
2451
16752
26104
7527
3288
28803
23137
28399
13475
1298
9848
16387
19415
13188
30186
12163
28319
15762
31173
14149
27434
18065
12194
25792
7065
2262
15191
10027
17015
12993
29996
20382
23622
18884
7394
26586
29771
15312
4606
28875
21604
16441
13535
26324
17660
17828
26762
24141
17387
14901
12939
29047
902
3652
27644
11320
25143
25112
21996
10358
11393
8556
23478
10902
1457
26844
26741
10235
27949
21516
4623
27368
26430
23121
7600
24335
712
16048
13060
6770
25660
21695
27396
6964
12827
21603
27195
31007
4302
3091
24212
30219
10904
13946
9590
15967
9867
9415
12590
3425
3008
7973
31488
27642
4909
15609
14093
25340
13098
16872
5275
6421
28252
4632
14412
17632
2440
6634
7068
25662
49
24225
17360
19976
18853
12481
11470
24720
19608
26865
58
10760
5203
3341
4108
10191
15647
28921
12866
24238
15169
32441
21696
25339
28267
4220
412
23154
10119
23727
4724
15843
12993
23152
17568
12874
16303
10876
29015
17137
31533
3800
19702
29700
28700
3369
8080
29990
16201
6402
10178
2752
25219
25613
11686
6089
13553
28841
8226
22420
30764
23869
1478
14298
210
5189
24319
22917
29127
28046
16335
665
19470
29767
15756
20113
13275
15033
3927
27829
2622
4362
18620
28506
12777
27043
10600
13287
13586
3721
